camera_matrix:
- [646.2402992060081, 0.0, 621.3318167165827]
- [0.0, 645.3381333548518, 497.8438155757953]
- [0.0, 0.0, 1.0]
dist_coeff:
- [-0.15017115423732047, 0.05537794254801001, -0.0010846349115158035, 0.0008509576105908731,
  -0.017766900951333063]
