camera_matrix:
- - 702.1238689643864
  - 0.0
  - 639.425541184842
- - 0.0
  - 11038.701422894379
  - 488.3405736515205
- - 0.0
  - 0.0
  - 1.0
dist_coeff:
- - -0.05000287109292893
  - -0.011059661694121148
  - 0.012086034461110146
  - 0.06376358946624716
  - -0.8439333717778272
